2 13.25 0.0016 8.08333 0.0016 11.4167 0.0016 
3 19.4167 0.0358287 22.9167 0.0393143 32.75 0.0428 
4 41.75 0.397883 36.8333 0.363083 48.3333 0.5184 
5 27 0.266522 32.6667 0.450126 129.5 1.0121 
6 40.75 3.72094 38.75 3.20204 144.167 13.1056 
7 12.9167 5.49532 13.8333 6.85654 167.083 56.2396 
8 17 8.07446 24.6667 8.55076 378.083 98.4951 
9 23.1667 31.4621 19.9167 31.8836 777.583 290.945 
10 17.4167 97.4839 13.9167 102.695 1740.42 145.282 
11 23.0833 156.058 29.3333 183.212 3646.92 840.606 
12 21.0833 554.031 21.4167 602.683 8102.25 2223.65 
13 32.9167 1097.25 23 1088.26 17499.4 3022.27 
14 24.5833 2609.46 29.1667 2619.01 
15 24.5 3752.2 36.0833 4453.24 
16 23.6667 10383.4 30.75 8267.36 
17 31.3333 15463.2 30.8333 14005.1 
18 29.8333 19859.3 36.8333 18329.9 
19 27 39765.6 29.5833 36224.2 
20 44.5 56307.4 35.5833 54189.1 
21 45.5833 70370.9 49.1667 87561.7 
22 41.25 81859.9 40.1667 91064.5 
23 48.3333 302450 58.75 323401 
24 41.3333 280958 46.5833 300339 
25 46.3333 531339 60.4167 527617 
